1 0.1192468619246862 0.0016891891891891893 0.16317991631799164 0.10641891891891891
0 0.29707112970711297 0.847972972972973 0.07531380753138076 0.04054054054054054
0 0.8535564853556485 0.3091216216216216 0.10460251046025104 0.06418918918918919
0 0.0 0.44256756756756754 0.1297071129707113 0.08783783783783784
1 0.9184100418410042 0.6131756756756757 0.06276150627615062 0.06756756756756757
0 0.28870292887029286 0.5625 0.043933054393305436 0.0472972972972973
1 0.6255230125523012 0.731418918918919 0.14644351464435146 0.07939189189189189
0 0.07112970711297072 0.6824324324324325 0.09623430962343096 0.06756756756756757
1 0.5481171548117155 0.9087837837837838 0.11715481171548117 0.09121621621621621
1 0.7803347280334728 0.6300675675675675 0.19665271966527198 0.125
0 0.45188284518828453 0.5067567567567568 0.06485355648535565 0.033783783783783786
0 0.891213389121339 0.8581081081081081 0.1087866108786611 0.07094594594594594
0 0.7405857740585774 0.2516891891891892 0.10460251046025104 0.06925675675675676
1 0.8075313807531381 0.44425675675675674 0.12343096234309624 0.07263513513513513
0 0.3284518828451883 0.2719594594594595 0.100418410041841 0.0777027027027027
1 0.5878661087866108 0.7635135135135135 0.11297071129707113 0.17736486486486486
1 0.10669456066945607 0.0 0.0899581589958159 0.0945945945945946
0 0.17573221757322174 0.33783783783783783 0.14435146443514643 0.06756756756756757
0 0.3200836820083682 0.7837837837837838 0.04811715481171548 0.02364864864864865
1 0.7907949790794979 0.41047297297297297 0.07322175732217573 0.0472972972972973
0 0.4790794979079498 0.6807432432432432 0.043933054393305436 0.037162162162162164
1 0.5857740585774058 0.8344594594594594 0.09414225941422594 0.0625
0 0.21338912133891214 0.15033783783783783 0.08786610878661087 0.0929054054054054
0 0.20920502092050208 0.5929054054054054 0.06694560669456066 0.03547297297297297
