0 0.4457627118644068 0.19047619047619047 0.08983050847457627 0.09109730848861283
1 0.6898305084745763 0.37267080745341613 0.06779661016949153 0.09730848861283643
0 0.0 0.0 0.10508474576271186 0.18633540372670807
0 0.00847457627118644 0.7349896480331263 0.09661016949152543 0.10766045548654245
1 0.34576271186440677 0.7370600414078675 0.06949152542372881 0.06625258799171843
0 0.16101694915254236 0.8592132505175983 0.09322033898305085 0.10766045548654245
0 0.6050847457627119 0.9254658385093167 0.03728813559322034 0.07453416149068323
1 0.5644067796610169 0.2898550724637681 0.04745762711864407 0.055900621118012424
0 0.847457627118644 0.13043478260869565 0.04067796610169491 0.08281573498964803
1 0.27796610169491526 0.5734989648033126 0.07627118644067797 0.11801242236024845
0 0.7932203389830509 0.7329192546583851 0.023728813559322035 0.051759834368530024
1 0.5084745762711864 0.4865424430641822 0.03389830508474576 0.051759834368530024
0 0.6864406779661016 0.7515527950310559 0.03898305084745763 0.08074534161490683
1 0.9101694915254237 0.36645962732919257 0.08983050847457627 0.13871635610766045
0 0.7661016949152543 0.5755693581780539 0.17796610169491525 0.11801242236024845
0 0.8406779661016949 0.7908902691511387 0.061016949152542375 0.09316770186335403
1 0.7271186440677966 0.2795031055900621 0.08135593220338982 0.16356107660455488
1 0.24915254237288137 0.4968944099378882 0.06779661016949153 0.10559006211180125
1 0.6254237288135593 0.4140786749482402 0.12542372881355932 0.12008281573498965
1 0.411864406779661 0.7370600414078675 0.04745762711864407 0.07453416149068323
1 0.4406779661016949 0.5217391304347826 0.07288135593220339 0.09937888198757763
0 0.2983050847457627 0.15113871635610765 0.06440677966101695 0.07453416149068323
1 0.8542372881355932 0.474120082815735 0.06949152542372881 0.06625258799171843
1 0.6050847457627119 0.2670807453416149 0.06610169491525424 0.07660455486542443
