1 0.45474492594624244 0.5324909747292419 0.015907844212835986 0.07581227436823104
1 0.7471201316511246 0.6028880866425993 0.02303894679100384 0.07581227436823104
1 0.5885902358749314 0.4855595667870036 0.029072956664838178 0.0740072202166065
1 0.2863411958310477 0.5144404332129964 0.024136039495337356 0.06678700361010831
0 0.8294020844761383 0.5740072202166066 0.012068019747668678 0.05595667870036101
1 0.11245200219418541 0.2581227436823105 0.04004388370817334 0.11913357400722022
0 0.5293472298409215 0.5487364620938628 0.020844761382336808 0.11010830324909747
1 0.29786066922654963 0.6588447653429603 0.021941854086670324 0.0776173285198556
1 0.0027427317608337905 0.5902527075812274 0.02029621503017005 0.07220216606498195
1 0.4684585847504114 0.3700361010830325 0.038946791003839826 0.0740072202166065
1 0.3390016456390565 0.5631768953068592 0.03291278113000549 0.12454873646209386
1 0.06363137685134394 0.4693140794223827 0.015359297860669226 0.05415162454873646
1 0.9188151398793198 0.7057761732851986 0.018650575973669776 0.0631768953068592
1 0.6719692814042787 0.44765342960288806 0.03565551289083928 0.148014440433213
1 0.20789906747120132 0.1263537906137184 0.026878771256171146 0.10649819494584838
1 0.0784421283598464 0.29783393501805056 0.024136039495337356 0.07942238267148015
0 0.43993417443773997 0.7328519855595668 0.04388370817334065 0.09747292418772563
1 0.25946242457487656 0.08844765342960288 0.018102029621503018 0.2111913357400722
1 0.5474492594624246 0.1624548736462094 0.017004936917169502 0.0703971119133574
1 0.7608337904552934 0.1624548736462094 0.03236423477783873 0.12274368231046931
1 0.3000548546352167 0.15162454873646208 0.02303894679100384 0.15342960288808663
1 0.3938562808557323 0.1588447653429603 0.018102029621503018 0.06859205776173286
1 0.562260010970927 0.3700361010830325 0.026878771256171146 0.11552346570397112
1 0.9654415798134942 0.2888086642599278 0.03455842018650576 0.09566787003610108
0 0.6878771256171147 0.6462093862815884 0.027427317608337904 0.06498194945848375
0 0.3181568842567197 0.35379061371841153 0.021941854086670324 0.06498194945848375
0 0.2671420735052112 0.3989169675090253 0.022490400438837082 0.07942238267148015
1 0.3823368074602304 0.36462093862815886 0.021941854086670324 0.0776173285198556
0 0.689522764673615 0.27256317689530685 0.020844761382336808 0.09025270758122744
1 0.2106417992320351 0.7436823104693141 0.02029621503017005 0.08664259927797834
1 0.5540318156884256 0.7129963898916968 0.03291278113000549 0.11371841155234658
0 0.09654415798134942 0.8537906137184116 0.018102029621503018 0.06498194945848375
0 0.6346681294569391 0.6425992779783394 0.013165112452002194 0.05595667870036101
1 0.11958310477235326 0.7328519855595668 0.016456390565002744 0.04512635379061372
1 0.48656061437191445 0.7581227436823105 0.025233132199670872 0.05956678700361011
0 0.17718047174986287 0.8826714801444043 0.021393307734503566 0.05595667870036101
0 0.8765770707624795 0.8212996389891697 0.030718595721338452 0.09566787003610108
0 0.019747668678003292 0.8808664259927798 0.029621503017004936 0.09205776173285199
1 0.2029621503017005 0.1624548736462094 0.04882062534284147 0.15703971119133575
0 0.8464070213933077 0.49097472924187724 0.013165112452002194 0.048736462093862815
1 0.4810751508502468 0.575812274368231 0.023587493143170598 0.08303249097472924
0 0.2792100932528799 0.0776173285198556 0.008228195282501372 0.05956678700361011
1 0.8447613823368074 0.7653429602888087 0.019199122325836534 0.0703971119133574
1 0.42896324739440483 0.34296028880866425 0.018102029621503018 0.05595667870036101
1 0.08173340647284695 0.44945848375451264 0.02303894679100384 0.08844765342960288
1 0.6291826659352715 0.7978339350180506 0.034009873834339004 0.13537906137184116
1 0.21557871640153592 0.5884476534296029 0.03565551289083928 0.08483754512635379
1 0.3614920460778936 0.18953068592057762 0.02029621503017005 0.05595667870036101
0 0.7723532638507954 0.5397111913357401 0.01426220515633571 0.05776173285198556
1 0.014810751508502468 0.23104693140794225 0.03510696653867252 0.10288808664259928
1 0.06472846955567746 0.30505415162454874 0.019747668678003292 0.061371841155234655
1 0.5770707624794296 0.48375451263537905 0.012616566099835436 0.05595667870036101
1 0.6154690071311025 0.2581227436823105 0.02029621503017005 0.06859205776173286
1 0.5128908392759188 0.9007220216606499 0.022490400438837082 0.09927797833935018
1 0.050466264399341744 0.6859205776173285 0.06582556226001098 0.1371841155234657
1 0.007131102578167855 0.5361010830324909 0.01755348326933626 0.0631768953068592
0 0.102029621503017 0.18592057761732853 0.021393307734503566 0.061371841155234655
0 0.7032364234777839 0.9259927797833934 0.015359297860669226 0.04693140794223827
0 0.9429511793746571 0.8357400722021661 0.026878771256171146 0.05415162454873646
1 0.9237520570488206 0.0 0.047723532638507954 0.10288808664259928
0 0.47723532638507954 0.048736462093862815 0.012068019747668678 0.04512635379061372
1 0.18431157432803072 0.5613718411552346 0.010970927043335162 0.032490974729241874
0 0.16291826659352715 0.8032490974729242 0.018102029621503018 0.0703971119133574
1 0.3730115194733955 0.44223826714801445 0.010422380691168404 0.04332129963898917
1 0.3927591881513988 0.0812274368231047 0.025233132199670872 0.10288808664259928
0 0.8310477235326386 0.19855595667870035 0.016456390565002744 0.039711191335740074
0 0.8963247394404827 0.6209386281588448 0.017004936917169502 0.0631768953068592
1 0.7712561711464618 0.30505415162454874 0.02029621503017005 0.05054151624548736
0 0.6615469007131103 0.1444043321299639 0.018102029621503018 0.07942238267148015
1 0.22325836533187055 0.48194945848375453 0.03839824465167307 0.10649819494584838
1 0.29566648381788263 0.4620938628158845 0.027427317608337904 0.08483754512635379
0 0.3505211190345584 0.871841155234657 0.018102029621503018 0.05415162454873646
0 0.7356006582556226 0.8790613718411552 0.038946791003839826 0.11010830324909747
1 0.18266593527153044 0.2779783393501805 0.02852441031267142 0.08483754512635379
1 0.48656061437191445 0.6841155234657039 0.03181568842567197 0.048736462093862815
1 0.039495337356006584 0.41696750902527074 0.03291278113000549 0.13537906137184116
1 0.27153044432254525 0.24729241877256317 0.02303894679100384 0.08483754512635379
1 0.47449259462424576 0.3844765342960289 0.02578167855183763 0.04693140794223827
0 0.12068019747668678 0.555956678700361 0.024684585847504114 0.10830324909747292
0 0.7948436642896325 0.9223826714801444 0.020844761382336808 0.06498194945848375
0 0.931980252331322 0.19855595667870035 0.024684585847504114 0.08303249097472924
0 0.7515085024684586 0.44584837545126355 0.019199122325836534 0.048736462093862815
0 0.5776193088315963 0.8898916967509025 0.015359297860669226 0.08483754512635379
1 0.43115743280307184 0.5397111913357401 0.025233132199670872 0.07942238267148015
1 0.8705430608886451 0.16967509025270758 0.026878771256171146 0.05595667870036101
1 0.6313768513439386 0.26173285198555957 0.017004936917169502 0.030685920577617327
0 0.6867800329127811 0.9133574007220217 0.015907844212835986 0.052346570397111915
0 0.8354360943499726 0.37545126353790614 0.02029621503017005 0.0812274368231047
1 0.0 0.2003610108303249 0.023587493143170598 0.06859205776173286
1 0.08173340647284695 0.2490974729241877 0.02852441031267142 0.09747292418772563
1 0.7915523861766319 0.10108303249097472 0.02303894679100384 0.0703971119133574
1 0.1936368623148656 0.0740072202166065 0.024136039495337356 0.09386281588447654
0 0.9544706527701591 0.41155234657039713 0.01426220515633571 0.05415162454873646
1 0.9144267690619857 0.05595667870036101 0.023587493143170598 0.09566787003610108
1 0.6555128908392759 0.41335740072202165 0.021941854086670324 0.05776173285198556
1 0.32144816236972024 0.5830324909747292 0.024136039495337356 0.09386281588447654
1 0.17882611080636313 0.5884476534296029 0.013165112452002194 0.061371841155234655
1 0.4360943499725727 0.18592057761732853 0.030170049369171694 0.08844765342960288
1 0.35820076796489303 0.2833935018050541 0.024684585847504114 0.0812274368231047
1 0.2292923752057049 0.7978339350180506 0.027427317608337904 0.05956678700361011
1 0.0850246845858475 0.51985559566787 0.026330224904004388 0.08483754512635379
1 0.050466264399341744 0.7418772563176895 0.012616566099835436 0.05054151624548736
1 0.5567745474492595 0.30505415162454874 0.034009873834339004 0.38267148014440433
0 0.055403181568842566 0.16967509025270758 0.014810751508502468 0.05415162454873646
1 0.7608337904552934 0.29783393501805056 0.026878771256171146 0.0703971119133574
1 0.7147558968732858 0.08844765342960288 0.013713658804168952 0.05595667870036101
0 0.6993965990126165 0.7617328519855595 0.024136039495337356 0.05776173285198556
1 0.7010422380691168 0.47653429602888087 0.026330224904004388 0.0776173285198556
0 0.18979703784969829 0.759927797833935 0.018102029621503018 0.05595667870036101
1 0.32144816236972024 0.08664259927797834 0.019199122325836534 0.08664259927797834
1 0.14481623697202414 0.19855595667870035 0.016456390565002744 0.0631768953068592
1 0.5342841470104224 0.8158844765342961 0.029621503017004936 0.10108303249097472
1 0.19199122325836535 0.2527075812274368 0.036204059243006036 0.07220216606498195
1 0.11958310477235326 0.6750902527075813 0.02303894679100384 0.05956678700361011
0 0.28304991771804716 0.855595667870036 0.029072956664838178 0.06859205776173286
1 0.49698299506308286 0.703971119133574 0.042238069116840374 0.09927797833935018
1 0.29402084476138235 0.5505415162454874 0.008228195282501372 0.03429602888086643
1 0.8272078990674712 0.7148014440433214 0.027975863960504662 0.11371841155234658
1 0.22545255074053758 0.5884476534296029 0.03236423477783873 0.05776173285198556
1 0.6275370268787712 0.776173285198556 0.041689522764673616 0.1407942238267148
1 0.6626439934174437 0.5523465703971119 0.029072956664838178 0.08664259927797834
1 0.49149753154141523 0.5361010830324909 0.015907844212835986 0.08483754512635379
1 0.6061437191442677 0.3140794223826715 0.04882062534284147 0.1299638989169675
1 0.4306088864509051 0.2527075812274368 0.013713658804168952 0.0631768953068592
1 0.6999451453647834 0.11732851985559567 0.01755348326933626 0.06498194945848375
0 0.9056500274273176 0.5451263537906137 0.02029621503017005 0.052346570397111915
1 0.7811300054854635 0.33393501805054154 0.019747668678003292 0.0703971119133574
1 0.2276467361492046 0.1299638989169675 0.01755348326933626 0.0703971119133574
0 0.3285792649478881 0.8032490974729242 0.018650575973669776 0.06498194945848375
1 0.5633571036752606 0.19494584837545126 0.017004936917169502 0.04512635379061372
1 0.3049917718047175 0.5 0.03565551289083928 0.1588447653429603
1 0.04278661546900713 0.3898916967509025 0.01151947339550192 0.04512635379061372
0 0.11684037301151948 0.8104693140794224 0.02578167855183763 0.06859205776173286
0 0.40098738343390017 0.5487364620938628 0.024684585847504114 0.061371841155234655
1 0.4103126714207351 0.388086642599278 0.022490400438837082 0.09025270758122744
1 0.7317608337904553 0.6462093862815884 0.022490400438837082 0.10830324909747292
1 0.7547997805814591 0.22563176895306858 0.010970927043335162 0.048736462093862815
1 0.3664289632473944 0.24187725631768953 0.012068019747668678 0.03790613718411552
1 0.45090510148107515 0.5974729241877257 0.02578167855183763 0.09025270758122744
1 0.9402084476138234 0.3194945848375451 0.030170049369171694 0.08844765342960288
1 0.5639056500274273 0.7003610108303249 0.027975863960504662 0.09566787003610108
1 0.8568294020844761 0.22382671480144403 0.018650575973669776 0.09386281588447654
1 0.9259462424574877 0.6425992779783394 0.018650575973669776 0.07220216606498195
1 0.7098189797037849 0.5234657039711191 0.030170049369171694 0.11010830324909747
1 0.1832144816236972 0.47833935018050544 0.04333516182117389 0.10288808664259928
0 0.8787712561711465 0.5324909747292419 0.018102029621503018 0.06678700361010831
