1 0.07457627118644068 0.48760330578512395 0.06949152542372881 0.06611570247933884
1 0.3271186440677966 0.2809917355371901 0.06610169491525424 0.07644628099173553
1 0.24745762711864408 0.42768595041322316 0.12542372881355932 0.11776859504132231
0 0.635593220338983 0.16322314049586778 0.06440677966101695 0.0743801652892562
1 0.4847457627118644 0.5330578512396694 0.07288135593220339 0.09917355371900827
1 0.5406779661016949 0.7479338842975206 0.04745762711864407 0.0743801652892562
1 0.6813559322033899 0.506198347107438 0.06779661016949153 0.10743801652892562
1 0.18983050847457628 0.2871900826446281 0.08135593220338982 0.1652892561983471
0 0.05593220338983051 0.5826446280991735 0.17796610169491525 0.11776859504132231
0 0.09661016949152543 0.7975206611570248 0.061016949152542375 0.09504132231404959
1 0.0 0.3739669421487603 0.08983050847457627 0.1384297520661157
0 0.27288135593220336 0.756198347107438 0.03898305084745763 0.08057851239669421
1 0.4559322033898305 0.4896694214876033 0.03389830508474576 0.05371900826446281
1 0.6440677966101694 0.5764462809917356 0.07796610169491526 0.11776859504132231
0 0.11016949152542373 0.1322314049586777 0.04067796610169491 0.08264462809917356
0 0.18135593220338983 0.7334710743801653 0.023728813559322035 0.05165289256198347
1 0.38813559322033897 0.29132231404958675 0.04745762711864407 0.05578512396694215
1 0.5830508474576271 0.7355371900826446 0.06949152542372881 0.06818181818181818
0 0.7440677966101695 0.8574380165289256 0.09322033898305085 0.10743801652892562
0 0.3559322033898305 0.9256198347107438 0.03728813559322034 0.0743801652892562
0 0.8932203389830509 0.0 0.10677966101694915 0.1859504132231405
0 0.8932203389830509 0.731404958677686 0.09661016949152543 0.10950413223140495
1 0.24067796610169492 0.36983471074380164 0.06949152542372881 0.09710743801652892
0 0.46271186440677964 0.1859504132231405 0.08983050847457627 0.09297520661157024
