1 0.43169398907103823 0.18671059857221306 0.07650273224043716 0.02086765513454146
1 0.41894353369763204 0.22789676002196596 0.11657559198542805 0.03844041735310269
0 0.3296903460837887 0.46787479406919275 0.058287795992714025 0.021965952773201538
0 0.366120218579235 0.28390993959362987 0.06739526411657559 0.015376166941241077
0 0.4663023679417122 0.40911587040087866 0.04735883424408015 0.015376166941241077
1 0.48451730418943534 0.299286106534871 0.1092896174863388 0.015376166941241077
1 0.2987249544626594 0.3393739703459638 0.17122040072859745 0.033498077979132346
1 0.2786885245901639 0.9544206479956068 0.08743169398907104 0.029654036243822075
0 0.2167577413479053 0.09555189456342669 0.09107468123861566 0.030752333882482153
1 0.6721311475409836 0.3311367380560132 0.12021857923497267 0.04173531026908292
1 0.6193078324225865 0.43657331136738053 0.122040072859745 0.030203185063152116
1 0.3533697632058288 0.032399780340472265 0.07103825136612021 0.026359143327841845
0 0.4371584699453552 0.6331685886875343 0.07285974499089254 0.018671059857221308
0 0.2568306010928962 0.8050521691378364 0.0546448087431694 0.0214168039538715
1 0.6666666666666666 0.6891817682591982 0.08014571948998178 0.028555738605161998
0 0.24225865209471767 0.8890719384953323 0.07650273224043716 0.018121911037891267
1 0.2786885245901639 0.13838550247116968 0.07103825136612021 0.018671059857221308
1 0.7413479052823315 0.6529379461834157 0.06557377049180328 0.018671059857221308
0 0.7996357012750456 0.85722130697419 0.04918032786885246 0.02580999450851181
0 0.41530054644808745 0.8215266337177375 0.10200364298724955 0.018121911037891267
0 0.6520947176684881 0.14442613948380012 0.08561020036429873 0.02800658978583196
0 0.5646630236794171 0.7446457990115322 0.07832422586520947 0.027457440966501923
1 0.5737704918032787 0.27677100494233936 0.08743169398907104 0.02416254805052169
1 0.19672131147540983 0.4157056562328391 0.10382513661202186 0.032948929159802305
1 0.13479052823315119 0.5194947830862163 0.0965391621129326 0.043931905546403076
1 0.2331511839708561 0.4914881933003844 0.08561020036429873 0.02416254805052169
1 0.2167577413479053 0.771554091158704 0.07468123861566485 0.02086765513454146
1 0.6539162112932605 0.46073585941790224 0.08378870673952642 0.04228445908841296
0 0.8306010928961749 0.40691927512355847 0.07468123861566485 0.02800658978583196
0 0.07650273224043716 0.06534870950027458 0.08196721311475409 0.018671059857221308
1 0.6156648451730419 0.7929708951125755 0.07650273224043716 0.018121911037891267
1 0.37158469945355194 0.885227896760022 0.12568306010928962 0.06644700713893466
1 0.7996357012750456 0.24382207578253706 0.06557377049180328 0.023064250411861616
1 0.5828779599271403 0.9379461834157057 0.04918032786885246 0.012630422844590884
0 0.2495446265938069 0.8665568369028006 0.12932604735883424 0.016474464579901153
1 0.819672131147541 0.05326743547501373 0.10746812386156648 0.018671059857221308
1 0.4408014571948998 0.4827018121911038 0.07103825136612021 0.03185063152114223
1 0.17122040072859745 0.2872048325096101 0.08925318761384335 0.026908292147171883
1 0.07650273224043716 0.6836902800658978 0.08014571948998178 0.021965952773201538
0 0.3806921675774135 0.08731466227347612 0.07103825136612021 0.017023613399231193
0 0.6648451730418944 0.85722130697419 0.07832422586520947 0.023064250411861616
0 0.20947176684881602 0.3542009884678748 0.0692167577413479 0.013179571663920923
0 0.0 0.2328390993959363 0.1111111111111111 0.022515101592531575
1 0.5519125683060109 0.4074684239428885 0.18761384335154827 0.03459637561779242
0 0.8378870673952641 0.5211422295442065 0.09289617486338798 0.026359143327841845
1 0.1092896174863388 0.6304228445908842 0.10018214936247723 0.032948929159802305
1 0.5446265938069217 0.6540362438220758 0.11293260473588343 0.02471169686985173
0 0.04918032786885246 0.45194947830862164 0.08196721311475409 0.0214168039538715
1 0.27140255009107467 0.49697968149368477 0.08743169398907104 0.023064250411861616
1 0.32604735883424407 0.7501372872048325 0.09289617486338798 0.0356946732564525
0 0.025500910746812388 0.1614497528830313 0.04189435336976321 0.011532125205930808
1 0.6703096539162113 0.3069741900054915 0.08378870673952642 0.028555738605161998
1 0.8524590163934426 0.257001647446458 0.0965391621129326 0.030752333882482153
1 0.7522768670309654 0.657331136738056 0.13479052823315119 0.036243822075782535
0 0.47176684881602915 0.8550247116968699 0.07650273224043716 0.02471169686985173
0 0.10382513661202186 0.9802306425041186 0.06557377049180328 0.019769357495881382
0 0.5537340619307832 0.8083470620538166 0.052823315118397086 0.013179571663920923
1 0.6939890710382514 0.7413509060955519 0.08378870673952642 0.032399780340472265
0 0.6903460837887068 0.07248764415156507 0.052823315118397086 0.020318506315211423
0 0.8998178506375227 0.09994508511806699 0.06557377049180328 0.018121911037891267
1 0.6848816029143898 0.4914881933003844 0.07468123861566485 0.015376166941241077
0 0.29690346083788705 0.214168039538715 0.058287795992714025 0.013728720483250962
1 0.47540983606557374 0.543108182317408 0.07650273224043716 0.02580999450851181
1 0.0965391621129326 0.2943437671609006 0.08196721311475409 0.0356946732564525
1 0.7887067395264117 0.5727622185612301 0.07832422586520947 0.02471169686985173
0 0.0036429872495446266 0.5321252059308073 0.07468123861566485 0.015925315760571115
1 0.575591985428051 0.8879736408566722 0.061930783242258654 0.026908292147171883
1 0.4134790528233151 0.8056013179571664 0.04553734061930783 0.010982976386600769
1 0.6812386156648452 0.6968698517298187 0.030965391621129327 0.007688083470620538
1 0.4335154826958106 0.7380560131795717 0.08378870673952642 0.039538714991762765
1 0.5737704918032787 0.271279516749039 0.09836065573770492 0.026359143327841845
1 0.058287795992714025 0.6919275123558485 0.03642987249544627 0.02471169686985173
0 0.014571948998178506 0.38495332235035695 0.0965391621129326 0.028555738605161998
1 0.3770491803278688 0.9763866007688083 0.04553734061930783 0.01757276221856123
1 0.2459016393442623 0.1411312465678199 0.04918032786885246 0.013179571663920923
0 0.8961748633879781 0.771004942339374 0.10382513661202186 0.043382756727073035
0 0.3205828779599271 0.41076331685886874 0.051001821493624776 0.012630422844590884
1 0.4408014571948998 0.6771004942339374 0.08378870673952642 0.027457440966501923
1 0.47358834244080145 0.9275123558484349 0.10382513661202186 0.032948929159802305
1 0.44626593806921677 0.22844590884129598 0.04553734061930783 0.019220208676551345
1 0.33515482695810567 0.8962108731466227 0.07832422586520947 0.023064250411861616
1 0.4899817850637523 0.029654036243822075 0.04553734061930783 0.014827018121911038
1 0.12932604735883424 0.9225700164744646 0.07832422586520947 0.015925315760571115
1 0.17486338797814208 0.41186161449752884 0.09107468123861566 0.026359143327841845
0 0.5209471766848816 0.3212520593080725 0.06557377049180328 0.021965952773201538
0 0.4808743169398907 0.14277869302581 0.0965391621129326 0.020318506315211423
0 0.40437158469945356 0.6161449752883031 0.03278688524590164 0.010982976386600769
1 0.7959927140255009 0.5639758374519495 0.08014571948998178 0.023064250411861616
1 0.2040072859744991 0.7111477210323998 0.09289617486338798 0.022515101592531575
1 0.7012750455373407 0.34211971444261396 0.1621129326047359 0.04832509610104338
1 0.08196721311475409 0.49368478857770454 0.06375227686703097 0.03898956617243273
1 0.8051001821493625 0.02580999450851181 0.11839708561020036 0.030203185063152116
1 0.19672131147540983 0.5963756177924218 0.07285974499089254 0.021965952773201538
1 0.44626593806921677 0.49917627677100496 0.07103825136612021 0.025260845689181768
0 0.6994535519125683 0.19604612850082373 0.07285974499089254 0.019769357495881382
0 0.1493624772313297 0.0 0.12932604735883424 0.03459637561779242
1 0.19854280510018216 0.6600768808347062 0.06375227686703097 0.022515101592531575
0 0.7959927140255009 0.942888522789676 0.04735883424408015 0.011532125205930808
0 0.30601092896174864 0.5524437122460186 0.04553734061930783 0.018671059857221308
0 0.5446265938069217 0.21032399780340472 0.08014571948998178 0.026359143327841845
1 0.18579234972677597 0.28885227896760024 0.09836065573770492 0.0214168039538715
1 0.38979963570127507 0.20757825370675453 0.04553734061930783 0.020318506315211423
0 0.5555555555555556 0.615046677649643 0.0692167577413479 0.02416254805052169
0 0.07285974499089254 0.8484349258649094 0.12750455373406194 0.040087863811092805
1 0.15664845173041894 0.8984074684239429 0.06739526411657559 0.02416254805052169
1 0.45719489981785066 0.7874794069192751 0.08014571948998178 0.028555738605161998
0 0.8142076502732241 0.12026359143327842 0.060109289617486336 0.018671059857221308
1 0.35154826958105645 0.9154310818231741 0.0692167577413479 0.019220208676551345
1 0.3205828779599271 0.3629873695771554 0.061930783242258654 0.02086765513454146
1 0.5318761384335154 0.8879736408566722 0.14025500910746813 0.028555738605161998
1 0.45901639344262296 0.7034596375617792 0.06739526411657559 0.023613399231191653
0 0.7194899817850637 0.5524437122460186 0.06375227686703097 0.013728720483250962
1 0.424408014571949 0.040637012630422846 0.07285974499089254 0.02471169686985173
1 0.6520947176684881 0.7693574958813838 0.11293260473588343 0.036243822075782535
0 0.1384335154826958 0.20593080724876442 0.11839708561020036 0.032399780340472265
1 0.3460837887067395 0.9489291598023064 0.1384335154826958 0.0356946732564525
0 0.47540983606557374 0.34980779791323446 0.08378870673952642 0.017023613399231193
1 0.2859744990892532 0.7468423942888522 0.18214936247723132 0.04887424492037342
1 0.17122040072859745 0.6765513454146074 0.08196721311475409 0.023613399231191653
0 0.7978142076502732 0.2300933552992861 0.052823315118397086 0.010982976386600769
1 0.15482695810564662 0.7215815485996705 0.09107468123861566 0.018671059857221308
0 0.8397085610200364 0.6172432729269632 0.03642987249544627 0.012081274025260845
1 0.5428051001821493 0.5304777594728172 0.12932604735883424 0.030752333882482153
0 0.3843351548269581 0.15046677649643053 0.0692167577413479 0.016474464579901153
0 0.4553734061930783 0.09994508511806699 0.07650273224043716 0.026908292147171883
1 0.73224043715847 0.4157056562328391 0.051001821493624776 0.017023613399231193
0 0.639344262295082 0.8358045030203185 0.07285974499089254 0.016474464579901153
0 0.5355191256830601 0.9741900054914882 0.07103825136612021 0.02416254805052169
1 0.14571948998178508 0.43492586490939045 0.051001821493624776 0.01757276221856123
0 0.31876138433515483 0.6172432729269632 0.04918032786885246 0.019769357495881382
0 0.40255009107468126 0.31795716639209226 0.052823315118397086 0.018671059857221308
1 0.39344262295081966 0.8747940691927513 0.0692167577413479 0.0214168039538715
1 0.18032786885245902 0.5875892366831411 0.056466302367941715 0.018121911037891267
1 0.13114754098360656 0.7649643053267435 0.17304189435336975 0.026908292147171883
0 0.7030965391621129 0.2784184514003295 0.04735883424408015 0.01757276221856123
1 0.5901639344262295 0.9269632070291048 0.06375227686703097 0.014827018121911038
1 0.4936247723132969 0.18231740801757276 0.08014571948998178 0.023064250411861616
1 0.7358834244080146 0.7506864360241625 0.04735883424408015 0.018121911037891267
1 0.49544626593806923 0.05875892366831411 0.10200364298724955 0.023064250411861616
0 0.40619307832422585 0.5799011532125206 0.12750455373406194 0.02471169686985173
1 0.6174863387978142 0.6562328390993959 0.058287795992714025 0.019220208676551345
1 0.5628415300546448 0.26798462383305877 0.04007285974499089 0.013728720483250962
1 0.5355191256830601 0.7792421746293245 0.08014571948998178 0.02416254805052169
1 0.3551912568306011 0.025260845689181768 0.13296903460837886 0.047775947281713346
0 0.3151183970856102 0.7105985722130698 0.04918032786885246 0.008786381109280615
0 0.39162112932604737 0.5079626578802856 0.03825136612021858 0.012081274025260845
