1 0.22245322245322247 0.36993243243243246 0.06652806652806653 0.03547297297297297
0 0.22453222453222454 0.7550675675675675 0.0893970893970894 0.0929054054054054
1 0.5945945945945946 0.10304054054054054 0.09355509355509356 0.060810810810810814
0 0.4864864864864865 0.28040540540540543 0.04365904365904366 0.037162162162162164
1 0.11642411642411643 0.9037162162162162 0.09147609147609148 0.09628378378378379
1 0.7962577962577962 0.5405405405405406 0.07484407484407485 0.0472972972972973
0 0.18503118503118504 0.5929054054054054 0.14345114345114346 0.06925675675675676
0 0.3284823284823285 0.19087837837837837 0.04781704781704782 0.02364864864864865
1 0.5925155925155925 0.057432432432432436 0.11434511434511435 0.17736486486486486
0 0.33471933471933474 0.6486486486486487 0.0997920997920998 0.0777027027027027
1 0.8108108108108109 0.4814189189189189 0.12058212058212059 0.07263513513513513
0 0.7422037422037422 0.6790540540540541 0.10395010395010396 0.06756756756756757
0 0.8918918918918919 0.07094594594594594 0.10810810810810811 0.06925675675675676
0 0.4553014553014553 0.4577702702702703 0.06444906444906445 0.03547297297297297
1 0.7796257796257796 0.24324324324324326 0.19542619542619544 0.125
1 0.5488565488565489 0.0 0.11850311850311851 0.08952702702702703
0 0.07484407484407485 0.2483108108108108 0.09563409563409564 0.06756756756756757
1 0.6237006237006237 0.1875 0.14760914760914762 0.07939189189189189
1 0.288981288981289 0.3885135135135135 0.04365904365904366 0.0472972972972973
1 0.9126819126819127 0.31756756756756754 0.06444906444906445 0.06756756756756757
0 0.0 0.46790540540540543 0.1288981288981289 0.08952702702702703
0 0.29521829521829523 0.1097972972972973 0.07276507276507277 0.04054054054054054
0 0.8482328482328483 0.625 0.10395010395010396 0.06418918918918919
1 0.11642411642411643 0.8902027027027027 0.16216216216216217 0.10641891891891891
