1 0.3654545454545455 0.9269632070291048 0.13272727272727272 0.047775947281713346
1 0.4018181818181818 0.47995606809445357 0.04 0.012081274025260845
1 0.5454545454545454 0.19659527732015375 0.08 0.02416254805052169
0 0.32545454545454544 0.28061504667764964 0.04909090909090909 0.008786381109280615
1 0.16545454545454547 0.2591982427237781 0.08727272727272728 0.019220208676551345
0 0.4163636363636364 0.3953871499176277 0.12727272727272726 0.02471169686985173
1 0.6272727272727273 0.3245469522240527 0.05818181818181818 0.019220208676551345
1 0.5036363636363637 0.9181768259198243 0.10363636363636364 0.023064250411861616
1 0.14181818181818182 0.20812740252608458 0.1709090909090909 0.026908292147171883
1 0.5709090909090909 0.7182866556836903 0.04181818181818182 0.013728720483250962
1 0.7454545454545455 0.2311916529379462 0.04727272727272727 0.01757276221856123
1 0.5018181818181818 0.7946183415705657 0.08181818181818182 0.023064250411861616
1 0.1781818181818182 0.29983525535420097 0.08363636363636363 0.023613399231191653
0 0.7127272727272728 0.7040087863811093 0.04727272727272727 0.01757276221856123
1 0.2927272727272727 0.20373421197144426 0.18363636363636363 0.04887424492037342
1 0.5981818181818181 0.058209774848984076 0.06545454545454546 0.014277869302580999
1 0.1890909090909091 0.3942888522789676 0.056363636363636366 0.018121911037891267
0 0.4109090909090909 0.6633717737506865 0.05454545454545454 0.018671059857221308
1 0.4018181818181818 0.10378912685337727 0.06909090909090909 0.0214168039538715
1 0.15454545454545454 0.5475013728720484 0.05090909090909091 0.01757276221856123
0 0.5436363636363636 0.0016474464579901153 0.07090909090909091 0.023613399231191653
0 0.14727272727272728 0.7616694124107634 0.11818181818181818 0.032399780340472265
0 0.32727272727272727 0.3629873695771554 0.04909090909090909 0.019769357495881382
0 0.6472727272727272 0.14772103239978035 0.07272727272727272 0.016474464579901153
1 0.5490909090909091 0.4387699066447007 0.13090909090909092 0.030203185063152116
0 0.4636363636363636 0.8731466227347611 0.07454545454545454 0.026359143327841845
1 0.35454545454545455 0.015376166941241077 0.13636363636363635 0.0356946732564525
0 0.74 0.5667215815485996 0.05090909090909091 0.01757276221856123
0 0.3927272727272727 0.8330587589236683 0.06909090909090909 0.016474464579901153
1 0.5381818181818182 0.08347062053816584 0.14 0.028555738605161998
0 0.08 0.11147721032399781 0.12727272727272726 0.040087863811092805
1 0.4309090909090909 0.9346512904997254 0.07272727272727272 0.02471169686985173
1 0.46545454545454545 0.2729269632070291 0.06727272727272728 0.023064250411861616
1 0.66 0.19439868204283361 0.11090909090909092 0.036243822075782535
0 0.8454545454545455 0.37067545304777594 0.038181818181818185 0.012081274025260845
0 0.8036363636363636 0.7589236683141132 0.05272727272727273 0.010982976386600769
0 0.7254545454545455 0.43382756727073035 0.06363636363636363 0.013728720483250962
0 0.82 0.8610653487095002 0.06 0.018671059857221308
1 0.4618181818181818 0.18396485447556288 0.08181818181818182 0.028555738605161998
1 0.32727272727272727 0.6161449752883031 0.06181818181818182 0.02086765513454146
0 0.1618181818181818 0.07742998352553541 0.06909090909090909 0.02416254805052169
0 0.4818181818181818 0.6331685886875343 0.08363636363636363 0.017023613399231193
1 0.35818181818181816 0.06534870950027458 0.06909090909090909 0.019220208676551345
0 0.5618181818181818 0.36079077429983525 0.06909090909090909 0.02416254805052169
1 0.19090909090909092 0.6897309170785283 0.09818181818181818 0.02086765513454146
1 0.5563636363636364 0.5579352004393191 0.18181818181818182 0.03459637561779242
0 0.15454545454545454 0.9654036243822076 0.1290909090909091 0.03459637561779242
0 0.5490909090909091 0.7633168588687534 0.08 0.026359143327841845
1 0.39636363636363636 0.7721032399780341 0.04363636363636364 0.020318506315211423
1 0.7054545454545454 0.6095551894563427 0.1618181818181818 0.04832509610104338
0 0.3109090909090909 0.42888522789676004 0.045454545454545456 0.018121911037891267
1 0.20363636363636364 0.3174080175727622 0.06545454545454546 0.022515101592531575
1 0.2 0.3816584294343767 0.07454545454545454 0.021965952773201538
1 0.8090909090909091 0.943986820428336 0.11636363636363636 0.030203185063152116
0 0.7036363636363636 0.7841845140032949 0.07272727272727272 0.019769357495881382
1 0.08727272727272728 0.4673256452498627 0.06181818181818182 0.03898956617243273
0 0.8 0.04557935200439319 0.04727272727272727 0.011532125205930808
1 0.1781818181818182 0.5612300933552993 0.09090909090909091 0.026908292147171883
1 0.20727272727272728 0.2663371773750686 0.09454545454545454 0.022515101592531575
1 0.4490909090909091 0.4755628775398133 0.07272727272727272 0.025260845689181768
1 0.47454545454545455 0.039538714991762765 0.10727272727272727 0.032948929159802305
1 0.8 0.41295991213618893 0.07818181818181819 0.022515101592531575
0 0.48363636363636364 0.8369028006589786 0.09636363636363636 0.020318506315211423
1 0.3381818181818182 0.08072487644151564 0.08 0.023064250411861616
0 0.5236363636363637 0.656781987918726 0.06545454545454546 0.021965952773201538
0 0.4072727272727273 0.37287204832509613 0.034545454545454546 0.01043382756727073
0 0.13090909090909092 0.061504667764964306 0.08 0.015376166941241077
1 0.49272727272727274 0.9555189456342669 0.045454545454545456 0.014827018121911038
1 0.44181818181818183 0.2954420647995607 0.08363636363636363 0.027457440966501923
1 0.1 0.6699615595826469 0.08181818181818182 0.0356946732564525
1 0.4490909090909091 0.7523338824821527 0.045454545454545456 0.019220208676551345
1 0.43636363636363634 0.22240527182866557 0.08181818181818182 0.039538714991762765
0 0.8963636363636364 0.185612300933553 0.10363636363636364 0.043382756727073035
0 0.016363636363636365 0.586490939044481 0.09818181818181818 0.028555738605161998
0 0.3236363636363636 0.5766062602965404 0.04909090909090909 0.012630422844590884
1 0.06 0.2833607907742998 0.03636363636363636 0.02471169686985173
1 0.5745454545454546 0.7018121911037891 0.1 0.026908292147171883
1 0.5781818181818181 0.08511806699615596 0.06 0.026908292147171883
1 0.7527272727272727 0.30642504118616143 0.13454545454545455 0.0356946732564525
1 0.3781818181818182 0.0060406370126304225 0.045454545454545456 0.017023613399231193
1 0.24727272727272728 0.8456891817682592 0.04909090909090909 0.013179571663920923
0 0.005454545454545455 0.45194947830862164 0.07272727272727272 0.015925315760571115
0 0.4727272727272727 0.12026359143327842 0.07636363636363637 0.02471169686985173
1 0.4763636363636364 0.43108182317408017 0.07454545454545454 0.02580999450851181
0 0.41454545454545455 0.18341570565623283 0.045454545454545456 0.010982976386600769
1 0.6818181818181818 0.29489291598023065 0.03090909090909091 0.008237232289950576
1 0.6836363636363636 0.4925864909390445 0.07636363636363637 0.015925315760571115
0 0.04909090909090909 0.5266337177375069 0.08363636363636363 0.02086765513454146
1 0.850909090909091 0.7122460186710599 0.09636363636363636 0.030203185063152116
1 0.10909090909090909 0.33662822624931354 0.1 0.032948929159802305
1 0.7890909090909091 0.4025260845689182 0.07818181818181819 0.02471169686985173
0 0.10363636363636364 0.0 0.06727272727272728 0.019769357495881382
0 0.29818181818181816 0.771554091158704 0.05818181818181818 0.014277869302580999
0 0.8981818181818182 0.8819330038440417 0.06727272727272728 0.018121911037891267
1 0.32727272727272727 0.214168039538715 0.09090909090909091 0.0356946732564525
1 0.6709090909090909 0.6639209225700164 0.08181818181818182 0.029104887424492038
0 0.5545454545454546 0.17847336628226249 0.05272727272727273 0.013179571663920923
1 0.27090909090909093 0.47995606809445357 0.08727272727272728 0.023064250411861616
1 0.5436363636363636 0.3212520593080725 0.11272727272727273 0.02416254805052169
1 0.6945454545454546 0.22624931356397585 0.08181818181818182 0.032399780340472265
0 0.6909090909090909 0.9071938495332235 0.05090909090909091 0.020318506315211423
0 0.025454545454545455 0.8270181219110379 0.04181818181818182 0.011532125205930808
0 0.8363636363636363 0.4524986271279517 0.09272727272727273 0.026359143327841845
0 0.0 0.7446457990115322 0.10909090909090909 0.022515101592531575
1 0.07636363636363637 0.2943437671609006 0.08 0.021965952773201538
0 0.38 0.8956617243272927 0.07090909090909091 0.017023613399231193
0 0.20909090909090908 0.6326194398682042 0.06909090909090909 0.013179571663920923
1 0.1709090909090909 0.685886875343218 0.0890909090909091 0.026908292147171883
0 0.6636363636363637 0.11971444261394838 0.07818181818181819 0.023064250411861616
1 0.3690909090909091 0.04832509610104338 0.12545454545454546 0.06589785831960461
1 0.7963636363636364 0.7331136738056013 0.06727272727272728 0.022515101592531575
1 0.8181818181818182 0.9280615046677649 0.10727272727272727 0.018671059857221308
1 0.4381818181818182 0.485447556287754 0.07090909090909091 0.03185063152114223
0 0.24727272727272728 0.11696869851729819 0.1290909090909091 0.016474464579901153
1 0.6509090909090909 0.49697968149368477 0.08363636363636363 0.04228445908841296
0 0.8272727272727273 0.5650741350906096 0.07454545454545454 0.027457440966501923
1 0.19454545454545455 0.5513454146073586 0.10363636363636364 0.032948929159802305
1 0.58 0.04942339373970346 0.04909090909090909 0.012630422844590884
1 0.21272727272727274 0.20757825370675453 0.07636363636363637 0.020318506315211423
1 0.13090909090909092 0.43657331136738053 0.09636363636363636 0.043931905546403076
0 0.07454545454545454 0.9159802306425041 0.08181818181818182 0.018671059857221308
0 0.6472727272727272 0.827567270730368 0.08545454545454545 0.02800658978583196
1 0.610909090909091 0.18890719384953322 0.07818181818181819 0.018121911037891267
1 0.2290909090909091 0.4843492586490939 0.08727272727272728 0.02416254805052169
1 0.5690909090909091 0.6990664470071389 0.08727272727272728 0.02416254805052169
0 0.4109090909090909 0.16035145524437122 0.10181818181818182 0.018121911037891267
0 0.5618181818181818 0.22789676002196596 0.07636363636363637 0.027457440966501923
1 0.27454545454545454 0.842943437671609 0.07272727272727272 0.018671059857221308
1 0.6672727272727272 0.6271279516749039 0.11818181818181818 0.04173531026908292
0 0.7927272727272727 0.11641954969796815 0.05090909090909091 0.026359143327841845
1 0.7363636363636363 0.32784184514003295 0.06545454545454546 0.019220208676551345
1 0.2927272727272727 0.6271279516749039 0.17272727272727273 0.033498077979132346
0 0.2381818181818182 0.0928061504667765 0.07454545454545454 0.018121911037891267
1 0.6127272727272727 0.5332235035694673 0.12363636363636364 0.030203185063152116
0 0.2109090909090909 0.8731466227347611 0.09090909090909091 0.03130148270181219
1 0.27454545454545454 0.015925315760571115 0.08545454545454545 0.029654036243822075
1 0.66 0.2822624931356398 0.08 0.028555738605161998
0 0.2509090909090909 0.17353102690829214 0.056363636363636366 0.0214168039538715
0 0.43272727272727274 0.3481603514552444 0.07090909090909091 0.018121911037891267
1 0.3490909090909091 0.9412410763316859 0.06909090909090909 0.026359143327841845
0 0.46 0.5755079626578803 0.04727272727272727 0.015376166941241077
1 0.4127272727272727 0.7331136738056013 0.11636363636363636 0.03898956617243273
0 0.3236363636363636 0.5096101043382757 0.05818181818181818 0.022515101592531575
1 0.4781818181818182 0.685337726523888 0.10727272727272727 0.015376166941241077
0 0.36 0.700713893465129 0.06727272727272728 0.015376166941241077
1 0.42363636363636364 0.7924217462932455 0.07818181818181819 0.02086765513454146
