0 0.10312671420735052 0.5424954792043399 0.018102029621503018 0.06690777576853527
1 0.773450356555129 0.49005424954792043 0.04333516182117389 0.10126582278481013
1 0.25946242457487656 0.5334538878842676 0.030718595721338452 0.10849909584086799
1 0.029621503017004936 0.32730560578661844 0.030170049369171694 0.09041591320072333
1 0.055403181568842566 0.650994575045208 0.018102029621503018 0.07414104882459313
1 0.5227646736149204 0.6057866184448463 0.026330224904004388 0.0922242314647378
1 0.408118486012068 0.7088607594936709 0.027975863960504662 0.09584086799276673
0 0.12452002194185409 0.2314647377938517 0.018650575973669776 0.09584086799276673
1 0.24574876577070762 0.6546112115732369 0.022490400438837082 0.10849909584086799
1 0.34503565551289084 0.32007233273056057 0.04827207899067471 0.1301989150090416
1 0.6588041689522764 0.5081374321880651 0.036204059243006036 0.15732368896925858
1 0.2342292923752057 0.2332730560578662 0.010970927043335162 0.048824593128390596
1 0.6209544706527702 0.24954792043399637 0.012068019747668678 0.0379746835443038
1 0.5666483817882612 0.3960216998191682 0.02303894679100384 0.08860759493670886
0 0.5743280307185957 0.5569620253164557 0.024684585847504114 0.06148282097649186
0 0.8568294020844761 0.8191681735985533 0.026330224904004388 0.06690777576853527
1 0.9451453647833242 0.39783001808318263 0.01151947339550192 0.045207956600361664
1 0.1991223258365332 0.3399638336347197 0.019199122325836534 0.0705244122965642
1 0.33077345035655514 0.783001808318264 0.041689522764673616 0.1410488245931284
1 0.4190894130554032 0.20253164556962025 0.01755348326933626 0.0433996383363472
0 0.6527701590784422 0.810126582278481 0.018650575973669776 0.0650994575045208
1 0.5551289083927592 0.2585895117540687 0.013713658804168952 0.06329113924050633
1 0.7547997805814591 0.13562386980108498 0.01755348326933626 0.0705244122965642
1 0.28195282501371366 0.12296564195298372 0.018102029621503018 0.0650994575045208
0 0.07405375754251234 0.5515370705244123 0.02029621503017005 0.05244122965641953
1 0.30828304991771804 0.5587703435804702 0.02852441031267142 0.0867992766726944
1 0.7421832144816237 0.5949367088607594 0.03236423477783873 0.05605786618444846
1 0.4925946242457488 0.5424954792043399 0.015907844212835986 0.08318264014466546
1 0.1442676906198574 0.7215189873417721 0.02852441031267142 0.11211573236889692
1 0.7718047174986287 0.2549728752260398 0.036204059243006036 0.07414104882459313
1 0.4092155787164015 0.3074141048824593 0.034009873834339004 0.38517179023508136
1 0.4360943499725727 0.8227848101265823 0.029621503017004936 0.09945750452079566
1 0.4607789358200768 0.7088607594936709 0.041689522764673616 0.10126582278481013
0 0.6878771256171147 0.8625678119349005 0.02852441031267142 0.06690777576853527
1 0.8568294020844761 0.6799276672694394 0.02303894679100384 0.059674502712477394
1 0.6977509599561162 0.5551537070524413 0.007679648930334613 0.034358047016274866
1 0.8387273724629731 0.20253164556962025 0.016456390565002744 0.06329113924050633
1 0.27262753702687875 0.4810126582278481 0.026330224904004388 0.07775768535262206
1 0.5331870543060888 0.18806509945750452 0.030718595721338452 0.08860759493670886
1 0.6593527153044432 0.09041591320072333 0.019199122325836534 0.0867992766726944
0 0.2759188151398793 0.7667269439421338 0.024684585847504114 0.05786618444846293
0 0.7921009325287987 0.7631103074141049 0.018102029621503018 0.05605786618444846
1 0.8891936368623149 0.2513562386980108 0.029072956664838178 0.09764918625678119
1 0.21228743828853539 0.30018083182640143 0.026330224904004388 0.0705244122965642
1 0.6538672517827756 0.5858951175406871 0.024684585847504114 0.09403254972875226
1 0.06198573779484366 0.059674502712477394 0.023587493143170598 0.09403254972875226
0 0.929786066922655 0.1735985533453888 0.014810751508502468 0.05244122965641953
1 0.27153044432254525 0.09041591320072333 0.013713658804168952 0.05605786618444846
1 0.6165660998354361 0.2857142857142857 0.024684585847504114 0.081374321880651
1 0.7432803071859572 0.8010849909584087 0.027427317608337904 0.059674502712477394
1 0.8880965441579813 0.5226039783001808 0.026878771256171146 0.08499095840867993
1 0.7816785518376302 0.0759493670886076 0.024684585847504114 0.09403254972875226
1 0.18540866703236422 0.10307414104882459 0.02303894679100384 0.06871609403254973
0 0.1442676906198574 0.3779385171790235 0.02029621503017005 0.07956600361663653
1 0.9369171695008228 0.7450271247739603 0.012068019747668678 0.05063291139240506
1 0.32254525507405374 0.4159132007233273 0.021393307734503566 0.05786618444846293
0 0.2973121228743829 0.9168173598553345 0.015359297860669226 0.05244122965641953
1 0.8080087767416346 0.5913200723327305 0.013165112452002194 0.06148282097649186
1 0.9764125068568295 0.20253164556962025 0.023587493143170598 0.06871609403254973
1 0.35161821173889196 0.26220614828209765 0.017004936917169502 0.0325497287522604
1 0.031267142073505214 0.4141048824593128 0.01426220515633571 0.054249547920433995
0 0.10257816785518377 0.16998191681735986 0.026878771256171146 0.05786618444846293
1 0.927591881513988 0.41952983725135623 0.03236423477783873 0.13381555153707053
1 0.5430608886450905 0.5424954792043399 0.025233132199670872 0.07775768535262206
0 0.22545255074053758 0.8824593128390597 0.038946791003839826 0.10849909584086799
1 0.5820076796489303 0.081374321880651 0.024684585847504114 0.10307414104882459
0 0.04278661546900713 0.19891500904159132 0.024684585847504114 0.08318264014466546
1 0.02852441031267142 0.0 0.047723532638507954 0.10307414104882459
0 0.8540866703236424 0.5569620253164557 0.024684585847504114 0.11030741410488246
1 0.7882611080636314 0.27848101265822783 0.02852441031267142 0.08499095840867993
0 0.18431157432803072 0.9240506329113924 0.020844761382336808 0.0650994575045208
1 0.49972572682391664 0.38517179023508136 0.025233132199670872 0.04701627486437613
1 0.7048820625342841 0.24773960216998192 0.023587493143170598 0.08499095840867993
1 0.6769061985737795 0.4629294755877034 0.027427317608337904 0.08499095840867993
0 0.4070213933077345 0.891500904159132 0.015359297860669226 0.08499095840867993
0 0.2287438288535381 0.44665461121157324 0.019199122325836534 0.048824593128390596
1 0.4816236972024136 0.6853526220614828 0.03181568842567197 0.048824593128390596
1 0.7377948436642896 0.4810126582278481 0.038946791003839826 0.10849909584086799
0 0.6308283049917718 0.8734177215189873 0.018102029621503018 0.054249547920433995
0 0.8189797037849699 0.8047016274864376 0.018102029621503018 0.06871609403254973
0 0.15249588590235874 0.19891500904159132 0.015907844212835986 0.0379746835443038
0 0.08667032364234778 0.6220614828209765 0.017004936917169502 0.06329113924050633
0 0.31980252331321996 0.14285714285714285 0.018650575973669776 0.07956600361663653
1 0.3368074602303895 0.7992766726943942 0.034009873834339004 0.13381555153707053
1 0.8837081733406473 0.6853526220614828 0.06527701590784421 0.13743218806509946
1 0.9495337356006582 0.22965641952983726 0.03565551289083928 0.10307414104882459
1 0.20844761382336807 0.30560578661844484 0.02029621503017005 0.05063291139240506
1 0.7476686780032913 0.1609403254972875 0.04936917169500823 0.15551537070524413
0 0.030170049369171694 0.8354430379746836 0.026330224904004388 0.054249547920433995
0 0.8760285244103126 0.1844484629294756 0.021393307734503566 0.06148282097649186
0 0.28085573230938016 0.9258589511754068 0.015907844212835986 0.04701627486437613
0 0.510148107515085 0.048824593128390596 0.012068019747668678 0.0433996383363472
1 0.8047174986286341 0.5605786618444847 0.010970927043335162 0.0325497287522604
0 0.6165660998354361 0.4412296564195298 0.010422380691168404 0.0433996383363472
1 0.748217224355458 0.5877034358047016 0.03565551289083928 0.08499095840867993
1 0.9155238617663193 0.3037974683544304 0.019199122325836534 0.059674502712477394
1 0.3636862314865606 0.25678119349005424 0.020844761382336808 0.06871609403254973
1 0.9753154141524959 0.5352622061482821 0.01755348326933626 0.06329113924050633
1 0.8952276467361492 0.4484629294755877 0.02303894679100384 0.0867992766726944
1 0.4646187602852441 0.9005424954792043 0.021941854086670324 0.09945750452079566
1 0.4097641250685683 0.4810126582278481 0.013165112452002194 0.05605786618444846
0 0.2133845309928689 0.538878842676311 0.013713658804168952 0.05605786618444846
1 0.13603949533735601 0.7631103074141049 0.018650575973669776 0.0705244122965642
0 0.6182117388919364 0.18625678119349007 0.019747668678003292 0.05786618444846293
0 0.712013165112452 0.0759493670886076 0.00877674163466813 0.05786618444846293
1 0.4953373560065826 0.5732368896925859 0.02303894679100384 0.08499095840867993
1 0.5529347229840922 0.3399638336347197 0.018102029621503018 0.05605786618444846
1 0.863960504662644 0.7305605786618445 0.016456390565002744 0.0433996383363472
0 0.950082281952825 0.8770343580470162 0.030170049369171694 0.09403254972875226
0 0.09270433351618211 0.8191681735985533 0.030718595721338452 0.09584086799276673
0 0.14042786615469008 0.488245931283906 0.013165112452002194 0.048824593128390596
1 0.0 0.2857142857142857 0.03455842018650576 0.09584086799276673
1 0.4882062534284147 0.755877034358047 0.025233132199670872 0.059674502712477394
0 0.2890839275918815 0.26763110307414106 0.021393307734503566 0.09041591320072333
1 0.4125068568294021 0.7088607594936709 0.033461327482172246 0.11573236889692586
1 0.7652221612726275 0.12115732368896925 0.026878771256171146 0.10849909584086799
0 0.8848052660449808 0.8517179023508138 0.018650575973669776 0.06329113924050633
0 0.35161821173889196 0.6401446654611211 0.013713658804168952 0.05605786618444846
0 0.7098189797037849 0.3960216998191682 0.02303894679100384 0.07956600361663653
0 0.8008776741634668 0.8788426763110307 0.021941854086670324 0.05605786618444846
1 0.20625342841470104 0.15732368896925858 0.03236423477783873 0.12296564195298372
1 0.4108612177729018 0.36528028933092227 0.026878771256171146 0.11573236889692586
1 0.28469555677454744 0.6419529837251357 0.026878771256171146 0.0650994575045208
1 0.7685134393856281 0.7396021699819169 0.02029621503017005 0.0867992766726944
1 0.5957213384530993 0.3616636528028933 0.021941854086670324 0.0759493670886076
0 0.6593527153044432 0.34900542495479203 0.022490400438837082 0.0650994575045208
1 0.6763576522216127 0.14647377938517178 0.023587493143170598 0.15370705244122965
1 0.5880416895227647 0.15370705244122965 0.018102029621503018 0.06871609403254973
1 0.7218869994514536 0.08318264014466546 0.018650575973669776 0.2115732368896926
0 0.5161821173889194 0.72875226039783 0.04333516182117389 0.09584086799276673
1 0.4349972572682392 0.15732368896925858 0.01755348326933626 0.0705244122965642
1 0.8974218321448162 0.2911392405063291 0.024136039495337356 0.07956600361663653
1 0.6275370268787712 0.5587703435804702 0.033461327482172246 0.12296564195298372
1 0.29237520570488207 0.4412296564195298 0.03565551289083928 0.14828209764918626
1 0.06253428414701043 0.6998191681735986 0.018650575973669776 0.06329113924050633
1 0.8475041140976413 0.2513562386980108 0.039495337356006584 0.11934900542495479
1 0.9210093252879868 0.46473779385171793 0.014810751508502468 0.05244122965641953
1 0.492046077893582 0.36347197106690776 0.039495337356006584 0.07414104882459313
1 0.68019747668678 0.6528028933092225 0.021393307734503566 0.0759493670886076
1 0.9769610532089962 0.5840867992766727 0.02029621503017005 0.07233273056057866
0 0.4492594624245749 0.5424954792043399 0.021393307734503566 0.10849909584086799
1 0.22984092155787164 0.5949367088607594 0.022490400438837082 0.07775768535262206
1 0.3823368074602304 0.47920433996383366 0.029072956664838178 0.07414104882459313
0 0.15852989577619309 0.566003616636528 0.01151947339550192 0.05605786618444846
1 0.6889742183214481 0.5063291139240507 0.024684585847504114 0.06871609403254973
1 0.5293472298409215 0.5244122965641953 0.015359297860669226 0.0759493670886076
